[2025-11-26 13:48:49.171] [REC] start 5s → C:\Users\haeul\source\repos\ModbusTester\Data\modbus_rec_20251126_134849.txt
[2025-11-26 13:48:49.275] TX: 02 03 00 00 00 32 C4 2C
[2025-11-26 13:48:49.276] RX: 02 03 64 00 00 00 04 00 01 00 00 00 00 00 00 00 00 00 00 00 00 00 00 00 00 00 00 00 00 00 00 00 00 00 00 00 00 00 00 00 00 00 00 00 00 07 D0 00 00 00 00 00 00 00 04 00 01 00 00 00 00 00 00 00 00 00 00 00 00 00 00 00 00 00 00 00 00 00 00 00 00 00 00 00 00 00 00 00 00 00 00 00 00 07 D0 00 00 00 80 00 00 00 01 1F 1A
[2025-11-26 13:48:49.386] TX: 02 03 00 00 00 32 C4 2C
[2025-11-26 13:48:49.388] RX: 02 03 64 00 00 00 04 00 01 00 00 00 00 00 00 00 00 00 00 00 00 00 00 00 00 00 00 00 00 00 00 00 00 00 00 00 00 00 00 00 00 00 00 00 00 07 D0 00 00 00 00 00 00 00 04 00 01 00 00 00 00 00 00 00 00 00 00 00 00 00 00 00 00 00 00 00 00 00 00 00 00 00 00 00 00 00 00 00 00 00 00 00 00 07 D0 00 00 00 80 00 00 00 01 1F 1A
[2025-11-26 13:48:49.493] TX: 02 03 00 00 00 32 C4 2C
[2025-11-26 13:48:49.494] RX: 02 03 64 00 00 00 04 00 01 00 00 00 00 00 00 00 00 00 00 00 00 00 00 00 00 00 00 00 00 00 00 00 00 00 00 00 00 00 00 00 00 00 00 00 00 07 D0 00 00 00 00 00 00 00 04 00 01 00 00 00 00 00 00 00 00 00 00 00 00 00 00 00 00 00 00 00 00 00 00 00 00 00 00 00 00 00 00 00 00 00 00 00 00 07 D0 00 00 00 80 00 00 00 01 1F 1A
[2025-11-26 13:48:49.602] TX: 02 03 00 00 00 32 C4 2C
[2025-11-26 13:48:49.603] RX: 02 03 64 00 00 00 04 00 01 00 00 00 00 00 00 00 00 00 00 00 00 00 00 00 00 00 00 00 00 00 00 00 00 00 00 00 00 00 00 00 00 00 00 00 00 07 D0 00 00 00 00 00 00 00 04 00 01 00 00 00 00 00 00 00 00 00 00 00 00 00 00 00 00 00 00 00 00 00 00 00 00 00 00 00 00 00 00 00 00 00 00 00 00 07 D0 00 00 00 80 00 00 00 00 DE DA
[2025-11-26 13:48:49.711] TX: 02 03 00 00 00 32 C4 2C
[2025-11-26 13:48:49.713] RX: 02 03 64 00 00 00 04 00 01 00 00 00 00 00 00 00 00 00 00 00 00 00 00 00 00 00 00 00 00 00 00 00 00 00 00 00 00 00 00 00 00 00 00 00 00 07 D0 00 00 00 00 00 00 00 04 00 01 00 00 00 00 00 00 00 00 00 00 00 00 00 00 00 00 00 00 00 00 00 00 00 00 00 00 00 00 00 00 00 00 00 00 00 00 07 D0 00 00 00 80 00 00 00 00 DE DA
[2025-11-26 13:48:49.820] TX: 02 03 00 00 00 32 C4 2C
[2025-11-26 13:48:49.821] RX: 02 03 64 00 00 00 04 00 01 00 00 00 00 00 00 00 00 00 00 00 00 00 00 00 00 00 00 00 00 00 00 00 00 00 00 00 00 00 00 00 00 00 00 00 00 07 D0 00 00 00 00 00 00 00 04 00 01 00 00 00 00 00 00 00 00 00 00 00 00 00 00 00 00 00 00 00 00 00 00 00 00 00 00 00 00 00 00 00 00 00 00 00 00 07 D0 00 00 00 80 00 00 00 00 DE DA
[2025-11-26 13:48:49.930] TX: 02 03 00 00 00 32 C4 2C
[2025-11-26 13:48:49.931] RX: 02 03 64 00 00 00 04 00 01 00 00 00 00 00 00 00 00 00 00 00 00 00 00 00 00 00 00 00 00 00 00 00 00 00 00 00 00 00 00 00 00 00 00 00 00 07 D0 00 00 00 00 00 00 00 04 00 01 00 00 00 00 00 00 00 00 00 00 00 00 00 00 00 00 00 00 00 00 00 00 00 00 00 00 00 00 00 00 00 00 00 00 00 00 07 D0 00 00 00 80 00 00 00 00 DE DA
[2025-11-26 13:48:50.039] TX: 02 03 00 00 00 32 C4 2C
[2025-11-26 13:48:50.039] RX: 02 03 64 00 00 00 04 00 01 00 00 00 00 00 00 00 00 00 00 00 00 00 00 00 00 00 00 00 00 00 00 00 00 00 00 00 00 00 00 00 00 00 00 00 00 07 D0 00 00 00 00 00 00 00 04 00 01 00 00 00 00 00 00 00 00 00 00 00 00 00 00 00 00 00 00 00 00 00 00 00 00 00 00 00 00 00 00 00 00 00 00 00 00 07 D0 00 00 00 80 00 00 00 00 DE DA
[2025-11-26 13:48:50.148] TX: 02 03 00 00 00 32 C4 2C
[2025-11-26 13:48:50.149] RX: 02 03 64 00 00 00 04 00 01 00 00 00 00 00 00 00 00 00 00 00 00 00 00 00 00 00 00 00 00 00 00 00 00 00 00 00 00 00 00 00 00 00 00 00 00 07 D0 00 00 00 00 00 00 00 04 00 01 00 00 00 00 00 00 00 00 00 00 00 00 00 00 00 00 00 00 00 00 00 00 00 00 00 00 00 00 00 00 00 00 00 00 00 00 07 D0 00 00 00 80 00 00 00 01 1F 1A
[2025-11-26 13:48:50.258] TX: 02 03 00 00 00 32 C4 2C
[2025-11-26 13:48:50.259] RX: 02 03 64 00 00 00 04 00 01 00 00 00 00 00 00 00 00 00 00 00 00 00 00 00 00 00 00 00 00 00 00 00 00 00 00 00 00 00 00 00 00 00 00 00 00 07 D0 00 00 00 00 00 00 00 04 00 01 00 00 00 00 00 00 00 00 00 00 00 00 00 00 00 00 00 00 00 00 00 00 00 00 00 00 00 00 00 00 00 00 00 00 00 00 07 D0 00 00 00 80 00 00 00 01 1F 1A
[2025-11-26 13:48:50.366] TX: 02 03 00 00 00 32 C4 2C
[2025-11-26 13:48:50.367] RX: 02 03 64 00 00 00 04 00 01 00 00 00 00 00 00 00 00 00 00 00 00 00 00 00 00 00 00 00 00 00 00 00 00 00 00 00 00 00 00 00 00 00 00 00 00 07 D0 00 00 00 00 00 00 00 04 00 01 00 00 00 00 00 00 00 00 00 00 00 00 00 00 00 00 00 00 00 00 00 00 00 00 00 00 00 00 00 00 00 00 00 00 00 00 07 D0 00 00 00 80 00 00 00 01 1F 1A
[2025-11-26 13:48:50.478] TX: 02 03 00 00 00 32 C4 2C
[2025-11-26 13:48:50.480] RX: 02 03 64 00 00 00 04 00 01 00 00 00 00 00 00 00 00 00 00 00 00 00 00 00 00 00 00 00 00 00 00 00 00 00 00 00 00 00 00 00 00 00 00 00 00 07 D0 00 00 00 00 00 00 00 04 00 01 00 00 00 00 00 00 00 00 00 00 00 00 00 00 00 00 00 00 00 00 00 00 00 00 00 00 00 00 00 00 00 00 00 00 00 00 07 D0 00 00 00 80 00 00 00 01 1F 1A
[2025-11-26 13:48:50.585] TX: 02 03 00 00 00 32 C4 2C
[2025-11-26 13:48:50.585] RX: 02 03 64 00 00 00 04 00 01 00 00 00 00 00 00 00 00 00 00 00 00 00 00 00 00 00 00 00 00 00 00 00 00 00 00 00 00 00 00 00 00 00 00 00 00 07 D0 00 00 00 00 00 00 00 04 00 01 00 00 00 00 00 00 00 00 00 00 00 00 00 00 00 00 00 00 00 00 00 00 00 00 00 00 00 00 00 00 00 00 00 00 00 00 07 D0 00 00 00 80 00 00 00 00 DE DA
