[2025-11-26 13:36:38.776] [REC] start 5s → C:\Users\haeul\source\repos\ModbusTester\Data\modbus_rec_20251126_133638.txt
[2025-11-26 13:36:38.925] TX: 2 3 0 0 0 50 196 44
[2025-11-26 13:36:38.929] RX: 2 3 100 0 0 0 4 0 1 0 0 0 0 0 0 0 0 0 0 0 0 0 0 0 0 0 0 0 0 0 0 0 0 0 0 0 0 0 0 0 0 0 0 0 0 7 208 0 0 0 0 0 0 0 4 0 1 0 0 0 0 0 0 0 0 0 0 0 0 0 0 0 0 0 0 0 0 0 0 0 0 0 0 0 0 0 0 0 0 0 0 0 0 7 208 0 0 0 128 0 0 0 1 31 26
[2025-11-26 13:36:39.064] TX: 2 3 0 0 0 50 196 44
[2025-11-26 13:36:39.065] RX: 2 3 100 0 0 0 4 0 1 0 0 0 0 0 0 0 0 0 0 0 0 0 0 0 0 0 0 0 0 0 0 0 0 0 0 0 0 0 0 0 0 0 0 0 0 7 208 0 0 0 0 0 0 0 4 0 1 0 0 0 0 0 0 0 0 0 0 0 0 0 0 0 0 0 0 0 0 0 0 0 0 0 0 0 0 0 0 0 0 0 0 0 0 7 208 0 0 0 128 0 0 0 1 31 26
[2025-11-26 13:36:39.143] TX: 2 3 0 0 0 50 196 44
[2025-11-26 13:36:39.149] RX: 2 3 100 0 0 0 4 0 1 0 0 0 0 0 0 0 0 0 0 0 0 0 0 0 0 0 0 0 0 0 0 0 0 0 0 0 0 0 0 0 0 0 0 0 0 7 208 0 0 0 0 0 0 0 4 0 1 0 0 0 0 0 0 0 0 0 0 0 0 0 0 0 0 0 0 0 0 0 0 0 0 0 0 0 0 0 0 0 0 0 0 0 0 7 208 0 0 0 128 0 0 0 1 31 26
[2025-11-26 13:36:39.222] TX: 2 3 0 0 0 50 196 44
[2025-11-26 13:36:39.222] RX: 2 3 100 0 0 0 4 0 1 0 0 0 0 0 0 0 0 0 0 0 0 0 0 0 0 0 0 0 0 0 0 0 0 0 0 0 0 0 0 0 0 0 0 0 0 7 208 0 0 0 0 0 0 0 4 0 1 0 0 0 0 0 0 0 0 0 0 0 0 0 0 0 0 0 0 0 0 0 0 0 0 0 0 0 0 0 0 0 0 0 0 0 0 7 208 0 0 0 128 0 0 0 1 31 26
[2025-11-26 13:36:39.302] TX: 2 3 0 0 0 50 196 44
[2025-11-26 13:36:39.304] RX: 2 3 100 0 0 0 4 0 1 0 0 0 0 0 0 0 0 0 0 0 0 0 0 0 0 0 0 0 0 0 0 0 0 0 0 0 0 0 0 0 0 0 0 0 0 7 208 0 0 0 0 0 0 0 4 0 1 0 0 0 0 0 0 0 0 0 0 0 0 0 0 0 0 0 0 0 0 0 0 0 0 0 0 0 0 0 0 0 0 0 0 0 0 7 208 0 0 0 128 0 0 0 1 31 26
[2025-11-26 13:36:39.379] TX: 2 3 0 0 0 50 196 44
[2025-11-26 13:36:39.380] RX: 2 3 100 0 0 0 4 0 1 0 0 0 0 0 0 0 0 0 0 0 0 0 0 0 0 0 0 0 0 0 0 0 0 0 0 0 0 0 0 0 0 0 0 0 0 7 208 0 0 0 0 0 0 0 4 0 1 0 0 0 0 0 0 0 0 0 0 0 0 0 0 0 0 0 0 0 0 0 0 0 0 0 0 0 0 0 0 0 0 0 0 0 0 7 208 0 0 0 128 0 0 0 1 31 26
[2025-11-26 13:36:39.458] TX: 2 3 0 0 0 50 196 44
[2025-11-26 13:36:39.460] RX: 2 3 100 0 0 0 4 0 1 0 0 0 0 0 0 0 0 0 0 0 0 0 0 0 0 0 0 0 0 0 0 0 0 0 0 0 0 0 0 0 0 0 0 0 0 7 208 0 0 0 0 0 0 0 4 0 1 0 0 0 0 0 0 0 0 0 0 0 0 0 0 0 0 0 0 0 0 0 0 0 0 0 0 0 0 0 0 0 0 0 0 0 0 7 208 0 0 0 128 0 0 0 0 222 218
[2025-11-26 13:36:39.536] TX: 2 3 0 0 0 50 196 44
[2025-11-26 13:36:39.537] RX: 2 3 100 0 0 0 4 0 1 0 0 0 0 0 0 0 0 0 0 0 0 0 0 0 0 0 0 0 0 0 0 0 0 0 0 0 0 0 0 0 0 0 0 0 0 7 208 0 0 0 0 0 0 0 4 0 1 0 0 0 0 0 0 0 0 0 0 0 0 0 0 0 0 0 0 0 0 0 0 0 0 0 0 0 0 0 0 0 0 0 0 0 0 7 208 0 0 0 128 0 0 0 0 222 218
[2025-11-26 13:36:39.614] TX: 2 3 0 0 0 50 196 44
[2025-11-26 13:36:39.615] RX: 2 3 100 0 0 0 4 0 1 0 0 0 0 0 0 0 0 0 0 0 0 0 0 0 0 0 0 0 0 0 0 0 0 0 0 0 0 0 0 0 0 0 0 0 0 7 208 0 0 0 0 0 0 0 4 0 1 0 0 0 0 0 0 0 0 0 0 0 0 0 0 0 0 0 0 0 0 0 0 0 0 0 0 0 0 0 0 0 0 0 0 0 0 7 208 0 0 0 128 0 0 0 0 222 218
[2025-11-26 13:36:39.692] TX: 2 3 0 0 0 50 196 44
[2025-11-26 13:36:39.693] RX: 2 3 100 0 0 0 4 0 1 0 0 0 0 0 0 0 0 0 0 0 0 0 0 0 0 0 0 0 0 0 0 0 0 0 0 0 0 0 0 0 0 0 0 0 0 7 208 0 0 0 0 0 0 0 4 0 1 0 0 0 0 0 0 0 0 0 0 0 0 0 0 0 0 0 0 0 0 0 0 0 0 0 0 0 0 0 0 0 0 0 0 0 0 7 208 0 0 0 128 0 0 0 0 222 218
[2025-11-26 13:36:39.770] TX: 2 3 0 0 0 50 196 44
[2025-11-26 13:36:39.773] RX: 2 3 100 0 0 0 4 0 1 0 0 0 0 0 0 0 0 0 0 0 0 0 0 0 0 0 0 0 0 0 0 0 0 0 0 0 0 0 0 0 0 0 0 0 0 7 208 0 0 0 0 0 0 0 4 0 1 0 0 0 0 0 0 0 0 0 0 0 0 0 0 0 0 0 0 0 0 0 0 0 0 0 0 0 0 0 0 0 0 0 0 0 0 7 208 0 0 0 128 0 0 0 0 222 218
[2025-11-26 13:36:39.848] TX: 2 3 0 0 0 50 196 44
[2025-11-26 13:36:39.849] RX: 2 3 100 0 0 0 4 0 1 0 0 0 0 0 0 0 0 0 0 0 0 0 0 0 0 0 0 0 0 0 0 0 0 0 0 0 0 0 0 0 0 0 0 0 0 7 208 0 0 0 0 0 0 0 4 0 1 0 0 0 0 0 0 0 0 0 0 0 0 0 0 0 0 0 0 0 0 0 0 0 0 0 0 0 0 0 0 0 0 0 0 0 0 7 208 0 0 0 128 0 0 0 0 222 218
[2025-11-26 13:36:39.926] TX: 2 3 0 0 0 50 196 44
[2025-11-26 13:36:39.927] RX: 2 3 100 0 0 0 4 0 1 0 0 0 0 0 0 0 0 0 0 0 0 0 0 0 0 0 0 0 0 0 0 0 0 0 0 0 0 0 0 0 0 0 0 0 0 7 208 0 0 0 0 0 0 0 4 0 1 0 0 0 0 0 0 0 0 0 0 0 0 0 0 0 0 0 0 0 0 0 0 0 0 0 0 0 0 0 0 0 0 0 0 0 0 7 208 0 0 0 128 0 0 0 1 31 26
[2025-11-26 13:36:40.005] TX: 2 3 0 0 0 50 196 44
[2025-11-26 13:36:40.006] RX: 2 3 100 0 0 0 4 0 1 0 0 0 0 0 0 0 0 0 0 0 0 0 0 0 0 0 0 0 0 0 0 0 0 0 0 0 0 0 0 0 0 0 0 0 0 7 208 0 0 0 0 0 0 0 4 0 1 0 0 0 0 0 0 0 0 0 0 0 0 0 0 0 0 0 0 0 0 0 0 0 0 0 0 0 0 0 0 0 0 0 0 0 0 7 208 0 0 0 128 0 0 0 1 31 26
[2025-11-26 13:36:40.085] TX: 2 3 0 0 0 50 196 44
[2025-11-26 13:36:40.086] RX: 2 3 100 0 0 0 4 0 1 0 0 0 0 0 0 0 0 0 0 0 0 0 0 0 0 0 0 0 0 0 0 0 0 0 0 0 0 0 0 0 0 0 0 0 0 7 208 0 0 0 0 0 0 0 4 0 1 0 0 0 0 0 0 0 0 0 0 0 0 0 0 0 0 0 0 0 0 0 0 0 0 0 0 0 0 0 0 0 0 0 0 0 0 7 208 0 0 0 128 0 0 0 1 31 26
[2025-11-26 13:36:40.161] TX: 2 3 0 0 0 50 196 44
[2025-11-26 13:36:40.162] RX: 2 3 100 0 0 0 4 0 1 0 0 0 0 0 0 0 0 0 0 0 0 0 0 0 0 0 0 0 0 0 0 0 0 0 0 0 0 0 0 0 0 0 0 0 0 7 208 0 0 0 0 0 0 0 4 0 1 0 0 0 0 0 0 0 0 0 0 0 0 0 0 0 0 0 0 0 0 0 0 0 0 0 0 0 0 0 0 0 0 0 0 0 0 7 208 0 0 0 128 0 0 0 1 31 26
[2025-11-26 13:36:40.253] TX: 2 3 0 0 0 50 196 44
[2025-11-26 13:36:40.254] RX: 2 3 100 0 0 0 4 0 1 0 0 0 0 0 0 0 0 0 0 0 0 0 0 0 0 0 0 0 0 0 0 0 0 0 0 0 0 0 0 0 0 0 0 0 0 7 208 0 0 0 0 0 0 0 4 0 1 0 0 0 0 0 0 0 0 0 0 0 0 0 0 0 0 0 0 0 0 0 0 0 0 0 0 0 0 0 0 0 0 0 0 0 0 7 208 0 0 0 128 0 0 0 1 31 26
[2025-11-26 13:36:40.330] TX: 2 3 0 0 0 50 196 44
[2025-11-26 13:36:40.331] RX: 2 3 100 0 0 0 4 0 1 0 0 0 0 0 0 0 0 0 0 0 0 0 0 0 0 0 0 0 0 0 0 0 0 0 0 0 0 0 0 0 0 0 0 0 0 7 208 0 0 0 0 0 0 0 4 0 1 0 0 0 0 0 0 0 0 0 0 0 0 0 0 0 0 0 0 0 0 0 0 0 0 0 0 0 0 0 0 0 0 0 0 0 0 7 208 0 0 0 128 0 0 0 1 31 26
[2025-11-26 13:36:40.408] TX: 2 3 0 0 0 50 196 44
[2025-11-26 13:36:40.409] RX: 2 3 100 0 0 0 4 0 1 0 0 0 0 0 0 0 0 0 0 0 0 0 0 0 0 0 0 0 0 0 0 0 0 0 0 0 0 0 0 0 0 0 0 0 0 7 208 0 0 0 0 0 0 0 4 0 1 0 0 0 0 0 0 0 0 0 0 0 0 0 0 0 0 0 0 0 0 0 0 0 0 0 0 0 0 0 0 0 0 0 0 0 0 7 208 0 0 0 128 0 0 0 0 222 218
