[2025-11-20 10:34:51.386] [REC] start 60s → C:\Users\haeul\source\repos\ModbusTester\Data\modbus_rec_20251120_103451.txt
[2025-11-20 10:34:56.628] TX: 02 03 00 00 00 32 C4 2C
[2025-11-20 10:34:56.630] RX: 02 03 64 00 00 00 04 00 01 00 00 00 00 00 00 00 00 00 00 00 00 00 00 00 00 00 00 00 00 00 00 00 00 00 00 00 00 00 00 00 00 00 00 00 00 07 D0 00 00 00 00 00 00 00 04 00 01 00 00 00 00 00 00 00 00 00 00 00 00 00 00 00 00 00 00 00 00 00 00 00 00 00 00 00 00 00 00 01 EA 00 00 00 00 07 D0 00 00 00 80 00 00 00 01 B4 C5
[2025-11-20 10:34:56.830] TX: 02 03 00 00 00 32 C4 2C
[2025-11-20 10:34:56.840] RX: 02 03 64 00 00 00 04 00 01 00 00 00 00 00 00 00 00 00 00 00 00 00 00 00 00 00 00 00 00 00 00 00 00 00 00 00 00 00 00 00 00 00 00 00 00 07 D0 00 00 00 00 00 00 00 04 00 01 00 00 00 00 00 00 00 00 00 00 00 00 00 00 00 00 00 00 00 00 00 00 00 00 00 00 00 00 00 00 01 E6 00 00 00 00 07 D0 00 00 00 80 00 00 00 01 B8 C0
[2025-11-20 10:34:57.033] TX: 02 03 00 00 00 32 C4 2C
[2025-11-20 10:34:57.043] RX: 02 03 64 00 00 00 04 00 01 00 00 00 00 00 00 00 00 00 00 00 00 00 00 00 00 00 00 00 00 00 00 00 00 00 00 00 00 00 00 00 00 00 00 00 00 07 D0 00 00 00 00 00 00 00 04 00 01 00 00 00 00 00 00 00 00 00 00 00 00 00 00 00 00 00 00 00 00 00 00 00 00 00 00 00 00 00 00 01 E6 00 00 00 00 07 D0 00 00 00 80 00 00 00 01 B8 C0
[2025-11-20 10:34:57.252] TX: 02 03 00 00 00 32 C4 2C
[2025-11-20 10:34:57.254] RX: 02 03 64 00 00 00 04 00 01 00 00 00 00 00 00 00 00 00 00 00 00 00 00 00 00 00 00 00 00 00 00 00 00 00 00 00 00 00 00 00 00 00 00 00 00 07 D0 00 00 00 00 00 00 00 04 00 01 00 00 00 00 00 00 00 00 00 00 00 00 00 00 00 00 00 00 00 00 00 00 00 00 00 00 00 00 00 00 01 E5 00 00 00 00 07 D0 00 00 00 80 00 00 00 00 3A 01
[2025-11-20 10:34:57.440] TX: 02 03 00 00 00 32 C4 2C
[2025-11-20 10:34:57.441] RX: 02 03 64 00 00 00 04 00 01 00 00 00 00 00 00 00 00 00 00 00 00 00 00 00 00 00 00 00 00 00 00 00 00 00 00 00 00 00 00 00 00 00 00 00 00 07 D0 00 00 00 00 00 00 00 04 00 01 00 00 00 00 00 00 00 00 00 00 00 00 00 00 00 00 00 00 00 00 00 00 00 00 00 00 00 00 00 00 01 E5 00 00 00 00 07 D0 00 00 00 80 00 00 00 00 3A 01
[2025-11-20 10:34:57.655] TX: 02 03 00 00 00 32 C4 2C
[2025-11-20 10:34:57.656] RX: 02 03 64 00 00 00 04 00 01 00 00 00 00 00 00 00 00 00 00 00 00 00 00 00 00 00 00 00 00 00 00 00 00 00 00 00 00 00 00 00 00 00 00 00 00 07 D0 00 00 00 00 00 00 00 04 00 01 00 00 00 00 00 00 00 00 00 00 00 00 00 00 00 00 00 00 00 00 00 00 00 00 00 00 00 00 00 00 01 E5 00 00 00 00 07 D0 00 00 00 80 00 00 00 01 FB C1
[2025-11-20 10:34:57.843] TX: 02 03 00 00 00 32 C4 2C
[2025-11-20 10:34:57.845] RX: 02 03 64 00 00 00 04 00 01 00 00 00 00 00 00 00 00 00 00 00 00 00 00 00 00 00 00 00 00 00 00 00 00 00 00 00 00 00 00 00 00 00 00 00 00 07 D0 00 00 00 00 00 00 00 04 00 01 00 00 00 00 00 00 00 00 00 00 00 00 00 00 00 00 00 00 00 00 00 00 00 00 00 00 00 00 00 00 01 E2 00 00 00 00 07 D0 00 00 00 80 00 00 00 01 BC C3
[2025-11-20 10:34:58.062] TX: 02 03 00 00 00 32 C4 2C
[2025-11-20 10:34:58.063] RX: 02 03 64 00 00 00 04 00 01 00 00 00 00 00 00 00 00 00 00 00 00 00 00 00 00 00 00 00 00 00 00 00 00 00 00 00 00 00 00 00 00 00 00 00 00 07 D0 00 00 00 00 00 00 00 04 00 01 00 00 00 00 00 00 00 00 00 00 00 00 00 00 00 00 00 00 00 00 00 00 00 00 00 00 00 00 00 00 01 E2 00 00 00 00 07 D0 00 00 00 80 00 00 00 01 BC C3
[2025-11-20 10:34:58.251] TX: 02 03 00 00 00 32 C4 2C
[2025-11-20 10:34:58.253] RX: 02 03 64 00 00 00 04 00 01 00 00 00 00 00 00 00 00 00 00 00 00 00 00 00 00 00 00 00 00 00 00 00 00 00 00 00 00 00 00 00 00 00 00 00 00 07 D0 00 00 00 00 00 00 00 04 00 01 00 00 00 00 00 00 00 00 00 00 00 00 00 00 00 00 00 00 00 00 00 00 00 00 00 00 00 00 00 00 01 EB 00 00 00 00 07 D0 00 00 00 80 00 00 00 00 B4 05
